# cache: repo_hash total_commits my_commits loc_add loc_del
84178bb6d77bfd739b2cd44491aca35962e81fd21b7b79a6843cd7cfb3525e06 7 1 1 0
1535d996e6d0cff7cada2c442c88b2c9b0996c9ee2ff94cbf6609d06748e6bb4 9 9 19872 46
dcd847a9ada82f4ee89f3f7337cd933747d66c91b31b5d3366b06da298c70019 5 5 30684 525
52b1b925809c8201a42ce8eae3d7f421fcca1bb6f8f4c4191b8193bef6800245 3 3 1805 13
4addbbb4fd62874055d56e61b5847b2a5a8a299f4b9602d8462401fd175186eb 3 3 1518 0
13d7032eb0e01deaf53754ff3cfdae54616c37ce4f578bfa08464a65bc148bdb 1 1 280355 0
9867c97178c4f00ddfdc9a5db925f93e438e92f243f18167f57224b58c1ccca8 124 124 1122 850
987ce22fd8e9807eca506ce19593c10196505473623b00f8ebe80440f282fc40 62 0 0 0
dc568f1b9066b5397ffc1a53c1c0e6cf28c004db2245ea6461c8b8817f016d49 50 17 405644 383696
a533732026be2a5fb44835949ad522c018e0c859a8bea2273544f31235ef1400 39 20 4055 1442
2793cd9819f2019caff36c6ec9882bbf4479a422d159f4be83e7ee6e64faf8d6 1 1 262 0
4118923e04a1e8d4a2965d4e65ff966c49f4137463f72859550b689eb07d55f8 65 36 8798 2339
b275e4a0e6f3b18acb95543622c7e20ad996e169a7582a7e12711dccdc0a0e2e 1 1 19776 0
d33937ad79d5e72e884e429178cb729f94e6e9f6bc205927c57e5c3c3a5f5dda 98 0 0 0
b9b1bb5ecc5a3871f676e1e90702ea4e03409094a95f9efcf29d49f78b5998ac 82 45 262795 51254
da083e792492d07326c026430907023cd6c889579c33c33545d04cf63c181bd1 25 2 6584 484
8332d0674ad50a06cac46d2b4548e90e8160f9774abd75fab7e38ea2615876e3 23 2 6584 484
ef29f08d7a1456d044a64742a26b9360631eb6ef793e27607154d7754a49c6ad 82 31 24108 19470
9fc507c7d048467ec5529cbf903b8d1bab8a6dde3e44b5048e0defbad706a151 143 0 0 0
dba7f52ceb205e41619c009e1d67e8c1d5492a90824d58b1bf3d8f2188ea34fe 12 6 36245 17344
c2c575a50b4024993cc599c7e8e5224cf0b7d5706861b64dc7d7110e057d757a 1 1 38 0
0833b09f482e829f1e4daf9ea69e5541d5b8964805d7dc96a5bd12fcc18641cb 83 23 46897 13817
cddc580b08ad95786e8d9a7db4f11806c014dca664aee1d0319e34eb1cc64c7f 5 5 11343 51
ae0c51d6eecb364c8572d4639099cdc0345a9e525766a2b0ff4b59ced184ad10 14 11 490 141
